16
1 2 3 4 5 6 7 8 9 10 11 12 13 14 15 16
0,0 12
0,1 7
0,2 4
0,3 6
0,4 1
0,5 2
0,6 3
0,7 8
0,8 5
0,9 9
0,10 11
0,11 10
0,12 13
0,13 14
0,14 15
0,15 16
1,0 8
1,1 15
1,2 5
1,3 11
1,4 4
1,5 6
1,6 7
1,7 9
1,8 1
1,9 16
1,10 13
1,11 14
1,12 2
1,13 3
1,14 12
1,15 10
2,0 1
2,1 9
2,2 3
2,3 16
2,4 10
2,5 13
2,6 5
2,7 14
2,8 7
2,9 2
2,10 15
2,11 12
2,12 6
2,13 4
2,14 8
2,15 11
3,0 2
3,1 10
3,2 13
3,3 14
3,4 11
3,5 15
3,6 16
3,7 12
3,8 3
3,9 4
3,10 6
3,11 8
3,12 5
3,13 1
3,14 7
3,15 9
4,0 4
4,1 2
4,2 6
4,3 5
4,4 8
4,5 1
4,6 13
4,7 3
4,8 9
4,9 10
4,10 7
4,11 16
4,12 12
4,13 15
4,14 11
4,15 14
5,0 3
5,1 1
5,2 7
5,3 8
5,4 2
5,5 11
5,6 14
5,7 5
5,8 12
5,9 15
5,10 4
5,11 13
5,12 10
5,13 16
5,14 9
5,15 6
6,0 10
6,1 11
6,2 12
6,3 15
6,4 6
6,5 7
6,6 9
6,7 16
6,8 8
6,9 1
6,10 14
6,11 2
6,12 3
6,13 13
6,14 4
6,15 5
7,0 9
7,1 14
7,2 16
7,3 13
7,4 15
7,5 12
7,6 10
7,7 4
7,8 11
7,9 5
7,10 3
7,11 6
7,12 7
7,13 8
7,14 1
7,15 2
8,0 5
8,1 3
8,2 1
8,3 9
8,4 12
8,5 14
8,6 6
8,7 10
8,8 2
8,9 7
8,10 8
8,11 15
8,12 16
8,13 11
8,14 13
8,15 4
9,0 6
9,1 4
9,2 2
9,3 7
9,4 9
9,5 8
9,6 1
9,7 11
9,8 16
9,9 13
9,10 10
9,11 5
9,12 14
9,13 12
9,14 3
9,15 15
10,0 11
10,1 13
10,2 15
10,3 12
10,4 3
10,5 16
10,6 4
10,7 2
10,8 6
10,9 14
10,10 1
10,11 9
10,12 8
10,13 10
10,14 5
10,15 7
11,0 14
11,1 16
11,2 8
11,3 10
11,4 7
11,5 5
11,6 15
11,7 13
11,8 4
11,9 3
11,10 12
11,11 11
11,12 9
11,13 6
11,14 2
11,15 1
12,0 7
12,1 6
12,2 9
12,3 3
12,4 16
12,5 10
12,6 12
12,7 15
12,8 13
12,9 11
12,10 2
12,11 4
12,12 1
12,13 5
12,14 14
12,15 8
13,0 16
13,1 12
13,2 11
13,3 4
13,4 14
13,5 3
13,6 2
13,7 1
13,8 10
13,9 8
13,10 5
13,11 7
13,12 15
13,13 9
13,14 6
13,15 13
14,0 15
14,1 5
14,2 10
14,3 2
14,4 13
14,5 4
14,6 8
14,7 6
14,8 14
14,9 12
14,10 9
14,11 1
14,12 11
14,13 7
14,14 16
14,15 3
15,0 13
15,1 8
15,2 14
15,3 1
15,4 5
15,5 9
15,6 11
15,7 7
15,8 15
15,9 6
15,10 16
15,11 3
15,12 4
15,13 2
15,14 10
15,15 12